function population = init_protocols_5shells()
    population = [
        
        1000.0, 2000.0, 3000.0, 4000.0, 5000.0, 20, 15;
        1000.0, 2000.0, 3000.0, 4000.0, 5000.0, 17.67, 13;
        1000.0, 1750.0, 2500.0, 3250.0, 4000.0, 20, 15;
        1000.0, 1750.0, 2500.0, 3250.0, 4000.0, 17.67, 13; 
        %{
        1000.0, 2000.0, 3000.0, 4000.0, 5000.0, 20, 9;
        1000.0, 2000.0, 3000.0, 4000.0, 5000.0, 17.67, 9;
        1000.0, 1750.0, 2500.0, 3250.0, 4000.0, 20, 3;
        1000.0, 1750.0, 2500.0, 3250.0, 4000.0, 17.67, 3;
        
        700.0, 1000.0, 1500.0, 2000.0, 2500.0, 20, 15;
        700.0, 1100.0, 1400.0, 2100.0, 2600.0, 20, 3;
        700.0, 1000.0, 1800.0, 2000.0, 2300.0, 17, 15;
        700.0, 1200.0, 1500.0, 2100.0, 2500.0, 17, 3;
        
        1000.0, 2000.0, 3000.0, 4000.0, 5000.0, 20, 13;
        1000.0, 2000.0, 3000.0, 4000.0, 5000.0, 20, 3;
        1000.0, 1750.0, 2500.0, 3250.0, 4000.0, 20, 13;
        1000.0, 1750.0, 2500.0, 3250.0, 4000.0, 20, 3;
        
        1000.0, 2000.0, 3000.0, 4000.0, 5000.0, 15, 13;
        1000.0, 2000.0, 3000.0, 4000.0, 5000.0, 15, 3;
        1000.0, 1750.0, 2500.0, 3250.0, 4000.0, 15, 13;
        1000.0, 1750.0, 2500.0, 3250.0, 4000.0, 15, 3;
        
        1000.0, 2000.0, 3000.0, 4000.0, 5000.0, 10, 13;
        1000.0, 2000.0, 3000.0, 4000.0, 5000.0, 10, 3;
        1000.0, 1750.0, 2500.0, 3250.0, 4000.0, 10, 13;
        1000.0, 1750.0, 2500.0, 3250.0, 4000.0, 10, 3;
        
        
        
        700.0, 1000.0, 1500.0, 2000.0, 4500.0, 20, 13;
        700.0, 1000.0, 1500.0, 2000.0, 4500.0, 20, 3;
        700.0, 1000.0, 1500.0, 2000.0, 2500.0, 20, 13;
        700.0, 1000.0, 1500.0, 2000.0, 2500.0, 20, 3;
        
        700.0, 1000.0, 1500.0, 2000.0, 4500.0, 15, 13;
        700.0, 1500.0, 3000.0, 4000.0, 4500.0, 15, 3;
        700.0, 1750.0, 2500.0, 3250.0, 4000.0, 15, 13;
        700.0, 1750.0, 2500.0, 3250.0, 4000.0, 15, 3;
        
        700.0, 2000.0, 3000.0, 4000.0, 5000.0, 10, 13;
        700.0, 2000.0, 3000.0, 4000.0, 5000.0, 10, 3;
        700.0, 1750.0, 2500.0, 3250.0, 4000.0, 10, 13;
        700.0, 1750.0, 2500.0, 3250.0, 4000.0, 10, 3;
        %}
    ];
end